27
17
50
9
4
96
16
14
92
51
98
51
91
6
98
113
97
56
5
22
110
13
5
6
76
15
21
27
42
127
29
79
88
33
78
72
19
43
87
74
11
4
66
9
24
129
93
4
113
52
6
6
74
8
6
103
71
17
75
36
116
127
74
103
122
8
4
64
17
49
26
91
35
28
17
6
30
51
79
4
5
89
107
14
105
4
95
9
113
5
81
52
76
7
78
18
15
17
25
34
88
6
10
103
100
94
14
35
65
7
10
111
97
4
16
19
79
101
34
58
92
6
109
36
4
60
4
10
53
55
4
91
4
97
41
54
17
38
84
92
8
17
9
83
17
19
11
56
129
28
9
51
5
16
103
13
22
21
7
70
5
6
5
33
68
27
4
58
82
109
120
117
79
8
9
76
4
14
18
70
45
122
5
28
6
10
85
5
89
101
100
7
42
22
65
6
55
4
4
105